434184
19079177
2211850
2007052
4268046
761872
2736145
3022871
4177944
2105368
434204
4153373
4120606
4309023
4120610
44818466
36249641
950316
4218936
44818489
40173627
1728573
36782144
40484933
4079687
434247
2211912
442442
4284490
2777160
4325452
4014159
40763480
43712606
2744417
36790372
2105447
2744425
254062
44097647
2769006
2744431
4309106
2760818
4046960
778357
43016310
2760826
73851
196732
1237116
2211963
2777214
909440
4276354
45768836
2211977
2744463
4161682
40239250
2744466
1327256
4096152
37109919
2744481
2212002
43016357
4137127
3006631
2212011
3006636
3047596
3006638
3031215
1237168
3023023
4104370
2744499
40485046
2744502
4038841
40493243
73923
4096198
1704139
442574
43016398
2769105
4022489
4022493
40222942
4055263
4210912
40763620
19054821
19054823
19038440
434413
19022063
43016435
40124661
37396727
1704187
42901769
1237261
4276495
37003535
975125
43016474
2769185
40747299
590125
36716848
2793776
4047154
3039540
434485
4210998
2769205
4301111
2793788
3023166
2769217
4309315
1589573
2769222
4309320
4055369
2769224
2777417
40862035
2105685
4038999
4039000
19022171
2777438
1311078
40182120
2752873
4079978
3023211
254320
40493424
2105712
2728305
44032374
2212214
2752888
1311105
2769283
46236042
40223115
2785675
377229
1728910
1728909
2728334
2752913
2752914
2752917
2736536
3015064
1335712
2105760
19079590
43016620
40165805
2105773
36716978
3015092
434615
377272
44507580
44507582
377283
43016645
434632
377291
2105803
4186572
36880846
2212302
2212304
2785747
2728405
4047317
778711
704984
4104668
197084
4129245
704990
4129250
4112867
4129251
4235753
4325865
4096490
19128810
40223210
3023339
35226099
2753012
4153845
45892088
2744824
4104700
2744829
40485376
3039744
2785797
3015174
44499463
40026633
2769417
197136
909841
778770
2753040
4170260
2785811
2769430
901659
4301344
19079714
442915
19079715
2105897
4211244
44507695
19079730
4244019
2761266
3047989
2769461
44499511
4170296
2769463
4031033
2105914
4022838
2736702
2728511
19104320
4276801
2785858
43016772
4170313
434762
2785872
2785874
434773
2728534
37110365
44802662
2744938
2753132
2777708
2769518
4113009
4129395
2753141
2777719
3031671
2753145
2736762
2212474
4129405
4129406
2212478
4137601
3015302
434824
36676233
43532944
46236306
19022487
36684444
4055709
43532956
434854
36717226
434859
4080299
4080301
43532970
2785964
4014762
4014766
3039919
3007150
434869
2769594
4334267
2769596
2785981
35603136
2728642
4022980
4022981
4162246
4129479
2745030
377546
40231628
40231630
2777810
377555
443091
4121301
1344212
901845
2777814
44507865
4072152
36717277
434910
36717279
4195039
4170463
40764127
40764130
197349
2777832
4162283
2212600
2777853
35603200
21603073
2786051
43016968
967435
2777868
140057
40764185
4317981
74533
2769704
2769713
4154164
2745140
3007288
2769721
2745146
4162364
4105026
19080002
443208
4301642
40231761
4121425
45769564
1344354
2753379
2728808
4039528
19129195
197484
2212716
443248
2007921
443250
35201908
19104630
19112824
4039545
4039546
4170620
443268
4121477
40231812
19096455
3023752
4170633
40231818
2786187
2786192
435089
443282
40174490
435101
4252581
4047781
40166310
4146088
2753445
35611566
4047791
4219823
2786223
2761654
4096951
2007991
36717498
1115066
2786234
40420291
2745283
46236611
44499914
19006410
4146124
40223693
4006867
2008022
1541079
3007449
4105178
2106331
3048411
2778077
443358
2745311
2753503
3023837
2794466
2794471
3023851
435182
2106351
2769904
74739
44499956
443381
45892599
4342779
45892603
2728955
377855
377862
2008070
377868
2737169
2008083
4113429
4178970
4031516
19121184
197667
4203556
2008105
4121644
4154414
4154415
19080244
1311799
40240187
21095486
4154431
443455
4187201
19080257
4310083
2753599
36717640
40223819
4244555
2769997
4146256
2106451
2778207
40485986
4342883
3007590
4097128
45769832
4187240
2212973
2868339
2786423
2761849
2106490
4220029
4064381
4211842
2106502
443528
35603595
2745483
3048589
4170895
2000015
443540
40223893
443549
443551
2770081
4269221
2786473
40486059
4138156
4138157
40010923
435378
19096754
1713332
2008243
2106547
2106551
2753720
2753725
2753727
443584
2000065
2761928
443593
3015883
2786515
4039892
435416
2761946
4187355
2008284
2000094
2106590
40076512
4130020
2753764
2729189
2745574
140520
19064042
443631
2729201
2753781
132342
19014903
2729207
3009210
19014907
2753787
46269693
2213119
4105474
4097283
2106631
4130059
4130060
44500237
2761998
2753810
4007187
4334868
4007188
45892886
2106647
43017496
140570
75035
3007770
40166691
19072293
37209382
4162859
4179244
4138285
40166700
2778411
2106668
1353011
435509
3048757
443703
4318523
40232252
2106686
443711
40240449
3024197
40928582
443719
255304
2000198
43017542
4154699
435532
4048205
2786633
435537
2000209
4171091
2786642
44787027
4318550
443738
4015455
19023200
2786656
3040608
2786659
443748
4326757
19080550
46237026
4056428
45892974
2753903
42902898
2753909
2753911
40035704
46269817
435579
19080571
4310398
2786686
2745733
4228486
3016072
140681
3040650
46269835
46269836
46269837
4187533
2213258
46269842
46269844
443796
2753943
46269848
40830367
36881824
1836449
2737567
2753956
21112229
43017638
42894759
42902955
4171179
44811693
1762734
40175024
2753968
40166834
2786740
4326837
35603894
35603895
43017656
927165
927166
40027584
2753988
3016133
435660
435662
2753999
2754000
3007956
3048918
443867
919010
40224227
443876
19031524
2213346
44500460
2754033
2000370
40232439
2106871
36881913
3048952
4007425
4146689
2106882
2729474
2000388
2106885
2106886
44500488
40224265
2106884
43525643
2745864
4040202
4040203
1353231
1000979
4302356
40224277
4113942
44500508
2754081
4105773
42927662
3049010
43148859
2745915
2754109
4335169
902722
3024449
21603914
2000458
902735
19105360
2737750
435799
40756824
2745945
2745946
4048475
35604059
43017819
132702
2754136
2745950
40183393
2000480
312940
1189490
2000500
2000504
75385
2754169
2745979
2737791
435840
2107011
2729603
444038
4310665
2729612
75407
40986256
40224403
2213525
4056726
902806
4155032
4294300
2754204
2754205
40486563
40756908
140976
4187825
444084
4023990
3016375
35604152
40756921
2213562
4040379
444091
313023
4040385
4105921
4024005
40756934
19023559
4122317
37111502
3024592
3040976
43017939
4179670
435931
4130525
3024605
132832
435937
132834
21604065
40486629
2778853
4130535
2754283
1337068
1337070
2746101
3041014
40756985
2000647
40756999
1361675
3049227
1337103
2754319
35604241
2746128
35604244
4220695
2746137
2754332
4155167
444192
2778911
3024674
2754341
436006
4335399
436009
43018025
444203
4294444
42870572
21604143
19023665
40757041
4163378
2746172
2787135
1730370
40175427
2787140
2000710
436039
436040
4089671
40486731
2787149
2754383
2738003
444249
4302686
4245343
2787168
2754402
436067
40175462
2787177
2000747
436076
141166
44500849
40757105
1369971
2738036
40757115
2738046
444287
40757122
919427
2779014
2779017
2729866
378763
2746252
1001358
40757135
2729872
2779026
2787227
3024796
141213
1001381
2729893
2770853
2746279
4147117
46270382
40175534
40175537
36554675
2738106
2754494
2738112
46270404
1312708
4245447
3016647
43526089
1124300
2738124
993230
2762702
4138959
2754512
43018194
378840
46270426
2000858
2762716
46270430
1763297
2787299
1755112
4098034
3041268
1304565
321526
4016121
444413
19073023
44500994
46270471
4294664
2746383
46221329
46270482
3016727
40486937
40241178
3041307
436256
3024928
46270499
19073060
4286507
19122220
4327469
19064880
2754609
46270516
436285
40241219
4032586
45770827
2738252
3049547
2107473
4163667
2730067
2107477
2107478
4171864
2107481
141405
43018333
2730078
46270564
1714277
1714278
1714279
2107496
40757349
4049002
2779244
2001007
4155504
3016816
2779251
2762871
75896
2107514
2107515
2746497
2107521
1714307
43018372
3000453
2746503
40487049
2754699
2107535
3008655
4098192
43018388
45770902
4147351
4212888
2746522
2746523
75932
2754715
2746527
40175779
2746531
75943
436392
46221483
2746541
4130991
3041457
21604530
436403
2754740
3000504
42535099
4180159
1304768
1304769
2787519
4131011
46221507
256197
2762948
4180167
46221511
2779334
4229321
2779340
2746575
2779346
4221139
2738387
3016914
1304793
2746591
36784355
4016358
4155624
36784369
2754801
4327669
40986870
40102137
19065085
2730243
2730246
45771015
2754824
2771211
2738444
2754834
21604629
4163861
2001176
44501273
4131104
4032801
4098346
4172076
35604787
1337651
3033396
46270777
4188474
42903867
436540
133436
26942
4237630
3017020
3041597
35604802
436549
2738501
4262216
2738506
2738507
2738508
4245840
40241488
43526482
2107733
19032407
2107735
40020313
321882
2738524
4090205
1337693
2738526
4344161
4032866
4065635
4335979
19057006
19057007
2730350
4172146
2763122
4319604
2730362
2746750
2779519
2730368
4082050
27017
2779533
46270863
2771344
3000722
2107795
2779540
4057494
19122582
42707352
2746774
4303258
2107801
2746780
4262296
2001311
2771359
3025313
2001317
3017126
4016551
2763176
436651
4032939
2763180
1313200
4270512
2001330
3017143
2779579
4311484
3000764
133569
993733
4098501
4311496
436681
46270923
2779596
4237773
4221394
133593
2001371
4049372
2787804
2787807
2001380
2779623
2787818
4057580
76273
40233458
4155893
141816
46287354
1305085
2107903
4311555
4262407
1436169
977421
133646
4336142
41142800
3050001
2746899
2787864
2001433
3050010
2746909
40487455
903711
2738720
977442
46271011
2787872
3033654
2107965
4139588
4147787
2722390
46287451
3050079
4131424
1387104
3009121
40184420
436840
46287466
40168050
3050099
4106869
4008566
2746998
40487557
46287495
40168072
40766087
45771410
2804372
2747029
4172438
4123290
2747034
2108059
2001566
2763423
2763424
2001567
2771614
4041379
3009194
4246187
4295340
41298609
4262578
2763443
2755251
4344502
2763446
764600
42707641
436922
764603
2738874
2747069
4262590
2722494
2788031
2755263
2747073
4115139
2779842
2763461
40168134
2763463
2755275
40168140
256723
1518293
76503
43715290
2788066
2738915
2108137
40020715
3025643
4139758
2763507
2755315
2755317
2108151
2730746
2108163
781063
2763527
2108168
2747151
4287251
437013
2738966
3001111
4320024
953112
3033882
2747166
4025120
4213540
2788133
4033318
2747174
3025705
2108208
4270897
40241969
4180790
4033336
2108223
2108225
437060
2108229
2108231
2722632
44501835
133965
4025168
2747218
40766290
2730836
1551193
2730841
1543003
35605340
3017565
2779999
4057953
4197217
2108258
1395557
2739056
2108275
2722675
2755447
2108279
4213628
2771842
4049797
2722694
2747271
2788230
19098505
2108296
4205455
2108303
2108305
2788242
2755475
3034006
1518490
2747291
2780063
4017058
1395620
379819
379820
4180908
1715117
41143218
19057592
4205497
4271033
37497785
2747322
2616252
40479678
2747327
2780096
40168385
3042240
40168387
42511304
3017675
42511308
2108366
19123151
2108368
3034062
3050449
42511315
4246484
2108371
2108383
46271459
134117
2730984
42511339
35605489
35605490
2108407
40233977
3017721
45763583
40184831
437249
42511378
35605539
2731043
3017768
2108458
4221998
43559983
4049972
42511413
4181047
42511416
2731067
42511420
4058173
42511425
19016769
1125443
4041799
1125448
4066382
4303951
44502095
42511441
2108497
2108500
4312151
21605463
4246617
21154911
40029281
42511460
42511463
4303975
2747503
2747506
42708084
4172917
19057780
19057790
35605641
35605642
3034249
2108557
4148369
2755737
2755738
4312226
4279461
45763750
45763749
2780330
41045163
4222126
2108591
45763761
2755763
2108599
42708152
19115193
2763962
4000958
2780353
4017345
45763780
2780359
2755784
1592530
928980
2747604
4246743
36883672
2747608
2731228
42708190
4173025
2747618
2002150
314600
3656938
19123437
929005
35605744
37309681
4205809
2755826
45763828
2755832
437501
4197631
4279552
4058370
45763845
45763849
257293
2002190
437523
4336916
2788629
2108696
4287768
970011
36785435
4295965
40242471
2739500
2788653
2764084
2788662
3018039
4132152
45772090
4246844
45772093
45772094
4246848
40242497
2780483
40480068
42593604
4189508
36203848
36203849
4173136
3034452
40766806
2108762
4181342
40766814
4181346
3042659
4214122
21024107
2788715
2772334
2772336
2788723
35605877
4156790
4328822
2739574
42478969
3009917
40136066
4156806
19123591
2313608
1797513
2313609
2108811
3026314
4140438
40177047
4107670
437657
4083100
2108829
2313631
19074464
2747809
19099050
40955317
4165047
2108855
2108857
437690
1363387
42708412
1363389
2788796
4206013
4255161
4255169
2108875
4312524
2108880
2108881
4009433
2764251
200160
2108896
4009442
2764259
200164
2723300
4025831
19131880
2100714
40930795
437744
2764276
3042232
19074551
2002423
2739707
2313726
2756094
19066370
437763
40480261
2108937
44502539
19058191
35622415
2108943
44789268
4156949
2108953
2747937
4066853
2739749
40955431
257583
4320816
2313776
4001334
42511928
2756156
43560510
43560511
2756158
4230724
2723400
40226378
1560139
437836
2109008
437841
2109009
2100818
2109014
2747991
2100824
437850
314971
2109020
437854
380510
2772578
3026532
4214374
1338985
2788969
2100844
2788973
2109037
4148848
2756210
2788979
437876
2788981
2109046
2772599
2756215
437881
2772601
4230779
978556
4066941
2739831
42708607
2739833
2109055
2748036
2772612
2100876
2313868
2109072
2739863
42733209
4222618
2109082
437920
437922
3002020
2109093
2723493
36204197
2109096
2313897
2313899
2313900
2739885
2002605
2109103
2780849
437943
19058360
2731707
315069
2002622
4214463
2109120
19066563
3002051
4058821
2313926
2756296
3043016
2109130
2109131
2756300
2772689
40480467
2780887
3026649
2109146
257755
4247260
2109147
4148956
43011807
4099809
2109153
2109154
4132581
2109157
1707751
43527912
2002665
192239
2780911
2723568
192242
43527922
2739955
380661
2313970
4198141
3043072
37498625
2789127
2313999
4026131
40062739
2109204
2764566
2314011
19025693
2854686
1396513
2109219
2109220
2109222
40029992
4198185
2314024
2109225
2002730
2740012
2780972
2789167
43011893
43527990
43527993
2789178
438077
1593152
2314049
4042563
2748230
77640
2314056
4222795
200524
4345680
2109266
2731861
2748249
4173660
43011934
3018590
2731872
40169316
2748260
929638
3002212
2789224
192361
192362
36892521
42708841
4058989
2314090
43528042
3026797
2314098
43528051
438133
372599
2789241
19132282
4116347
4247419
46272381
19058557
2314110
45772672
4206459
4001666
3035015
438152
40169352
44502922
40480651
19058572
4280205
3002253
44068753
2109332
3018646
372633
372635
19099551
4280225
438178
1118115
44068773
372646
4222885
44502956
2781113
2781115
2764732
3002299
2723774
21493352
2314177
19075010
2314179
21493353
21493354
2723786
4337611
2314188
4337612
2756556
1503184
2109394
2314196
2314197
2109397
4263898
1585114
4313056
4100065
4149218
2314212
4083686
2109419
2109420
2789360
2789366
4182010
40243195
2314240
2002948
3018756
905223
4231178
4042762
905230
2732048
2314259
4010007
2002970
40488991
45887519
2109474
2109475
2109477
2109480
725036
4247597
725040
700465
3002417
3010610
987189
380986
4083770
4132926
3027008
2314305
2003011
2732104
438350
700496
700498
3010645
2748502
2314327
4288601
929887
42799201
2314338
2756708
19124325
42594406
1314924
2109551
3018867
725114
4239484
2748541
42479742
2748543
315523
438405
42479758
40161422
43020434
2109588
2109589
2723989
2109592
43020442
2109594
2109596
3043483
192670
43020446
2109599
43020449
4059298
40022178
929955
40226979
2109601
43020455
19124392
35606695
4337834
1560746
2109604
3027108
2109619
2003125
438456
78009
2109626
3010747
4198590
19124417
2732226
1560772
43020485
4239558
4198598
4198601
200906
200907
2732235
2003148
44814542
44814544
4174033
4067539
40235220
4264149
44814552
2748632
2748633
938205
1511646
40235232
45773025
2789600
2003169
2109667
2109673
2109674
2732268
2109676
192753
2756849
4313335
4116731
192763
1724667
1388799
3043590
372999
45773064
3019014
40227085
44790029
40227087
4010257
987411
2109717
438555
938268
3027227
2765088
2765089
1503525
42709286
4116778
2748716
2003248
4321586
19075379
2773299
42897720
19059006
135496
42709322
42709323
2773323
3035466
2756942
2756944
2101584
2724182
2756950
4198744
1126747
381282
36712806
41267558
2740584
2109801
44790124
2003310
4338031
2773361
3035509
4100469
2109819
45773180
40161662
3002751
40161664
36712834
438658
2109832
2773386
2101643
3002762
3010966
3027353
40481179
37499291
4018590
2724259
3019171
2101671
4100520
2109870
36303282
4018612
2732469
373175
19108285
192958
2003389
2748863
2748867
2109892
201157
4108742
19132870
2732487
373193
40169929
2732494
373204
2732505
4166115
40489446
2732523
19059180
40169968
4166130
4166140
4116988
2773511
1593866
2748942
2109968
19026450
3035666
3027476
19075605
42537496
2003484
40170013
4248094
37016099
4026915
2101795
4002342
2101804
42897966
4198960
3043889
37016114
4100657
438836
4182588
381504
2110017
2101826
2773570
4297284
1593926
2110024
1593930
3035722
4149839
19026511
4207186
2749010
2749011
2003545
4256346
42799711
4199009
2749025
42799716
42742373
37311078
21492326
2757224
4297321
1757803
381548
42898027
42742382
37016176
2757232
2110066
4174451
2110068
2101881
2110074
4043387
19059325
2101885
2757245
201345
43643525
201350
45757063
2749064
4051595
2110093
2757265
4092563
4051604
1594003
193174
36713112
1594008
40243864
1356447
2757286
4051630
2732719
37016240
2110130
2732728
2781881
2781883
2781885
2724542
438975
2749117
2101957
2773702
1708748
2773708
1708750
1037007
2724557
42742486
135895
42537688
42742487
3027674
4297437
193249
2724579
19018468
4231908
2101987
3044072
40080108
2790125
2790126
42742511
42742512
3044076
40481522
37016308
42709748
201461
4264693
2003706
586491
19100412
42873596
43021055
42873600
1102596
2765572
2724613
3044101
42537741
2003729
42873627
2765595
42873629
42742556
37016355
37016356
42873638
2781990
2741031
2102058
4100908
19125036
1782573
4231983
45757232
42627887
258866
42709810
45757234
36893491
43258677
2765616
42709816
201529
2765617
42627897
2790205
2110272
2765633
2773825
2765636
3003209
40760138
42627916
45757263
36893520
2757462
1594200
2749272
4002650
2741081
1790812
4240218
2732896
45757282
42627938
2765666
2102116
2757477
2757480
4084586
3011436
2724717
4150128
4158322
42799986
45765493
136056
2110329
3027833
4158333
2749309
2757501
2757505
2724738
3019652
2749317
2749318
4101001
1381257
42627979
42627983
2003858
1594259
46273431
19092377
2102169
45757343
201633
19133346
19133347
2110374
42800040
2110376
2757546
19059628
381869
381870
42800046
2110384
2790321
40989619
3011508
43013047
1553336
19010490
45757373
43021246
2110399
2110403
2724804
4248517
40489926
2102215
45757384
43013065
3044298
2110414
439248
439249
46273489
43021264
2110419
42628058
42628060
4264925
2724831
45757412
45757414
2790375
439272
2724844
19076077
78830
2110446
3027952
2102258
193523
201719
1717240
42628093
4207616
2724865
2724868
40481798
4289543
4207623
40481800
4166666
4256775
45765643
1594379
40039437
2733066
4199441
4232209
42710036
3036180
2102294
2110488
42710042
201756
19026972
4174877
316447
40899617
45757476
2110500
4207656
2102316
4092973
40481839
1717297
2110514
2741302
193591
44504120
42800184
3019832
78907
2102332
193597
3019839
4314176
2102337
2102338
4150341
136262
4150344
4084811
2774093
2110542
2774095
44504144
439382
2110550
2741341
193630
4199518
2110560
3019869
4158563
2110563
45757541
2749544
3052648
2110570
4150378
1340532
4158582
2110583
439416
439417
2102393
2749574
4191367
19010696
19027080
2110603
4035724
3044493
19133582
4232335
2765972
40088725
2102420
2741398
3028120
19125401
963742
2110627
37016740
40924326
2110631
40162472
3044525
19125424
2004148
3028150
3036343
439481
37016762
4183226
2102457
2102459
3019965
40031428
4150471
42480839
2102478
3003603
4338901
4150489
3011802
42480862
4035808
3028193
4273378
2102499
2749671
2766056
2766057
40760553
35411179
2749681
2004210
2102513
19019005
2110717
2766078
201986
46257412
2102532
201990
2733319
4322568
46257417
3020039
42480911
2766099
2741524
19076373
2741526
2110742
4306200
2110744
4142362
29979
2102554
2102556
46257438
4314399
2757925
40162603
4109614
2110767
2774320
1594674
2757941
2110773
19133751
46257463
46257466
46257467
46257468
46257469
2102595
2102597
2757958
40162632
19133768
45757772
4027728
2004304
3011922
2741589
2774358
2110807
2110809
37016926
2741600
4330850
4191589
46257510
2782567
4191592
46257517
963950
46257523
2110840
44504443
439676
2741629
2766206
42628479
2725248
2766210
2741634
46257543
2766220
46257549
439695
42874258
3028372
2102677
2110870
2110872
4150681
3036571
40236446
3003809
42735013
3003816
40490409
30124
4167085
3044783
2749874
2110899
4134325
36533687
4044215
439736
2774458
4126141
40482238
3020222
439746
2766274
439763
2102739
43013590
2110937
2110938
3053018
44045788
42628575
4101600
4101602
4175331
1750500
4109797
964068
2110951
35624425
2110953
2110955
4224495
2102772
439797
2749941
43013629
980478
19109377
42898952
4314634
42628620
19035661
42628622
2741776
46257680
4019730
2749970
3020304
194071
2766361
1308188
194077
40236574
4118045
19002912
2790944
2766369
2766370
2782757
2741803
2111021
947760
2741808
2782771
44783159
40162871
4052536
2111038
46257728
2111041
42628675
374343
4208200
42628679
3003977
46274123
46274127
4175440
4052559
947794
4126291
2741840
21493328
46257751
2111066
46257755
21493347
21493348
3020389
21493349
21493350
42620520
4068969
21493351
4085355
42620523
21493355
21493356
21493357
21493358
2750065
21493359
21493360
2111094
19043959
2111096
19076733
2111101
43021951
2782846
2111102
2741892
3053189
36714118
2111114
19043981
19134095
4060820
2111127
1111706
43021979
1111707
2102938
439966
1103518
2111133
2004642
2774691
19134116
40482469
2111142
2102954
2111150
2111152
19125937
4159157
194229
4183733
2766521
2766523
3020475
2102974
3036864
2111169
374466
4191942
3028679
40482503
2766543
19027666
40031956
2758359
2741976
2111193
2774747
2758363
2741979
2741982
44029663
440032
3012321
1152738
792295
2741991
964329
30442
4003560
2750189
4101870
2758387
43693812
2111220
4208374
1341176
2742015
2766592
2111232
1152772
2742021
4175623
22281
42628873
19019530
259852
4036365
22288
3053331
45774616
4036376
40220447
36788005
1718056
4020009
42628905
2111273
2774826
2783017
4085550
4233006
4331311
2414382
30515
792377
792383
2791238
2103120
2103121
1341269
19117912
4110186
40220524
19011438
19027833
40220540
4102015
40220544
37115786
440207
19019666
44816282
19011484
440221
40220576
44816294
2774950
21600174
2103218
19101620
3020727
4282301
718782
2725821
4110273
37017539
40744901
1169352
44816332
30678
30683
22492
40171485
44816353
42514404
42514405
940005
40171493
19068900
940004
2742244
2103273
40490989
44816365
2103279
3012592
440307
3012598
40491000
2103293
2750462
4003841
440323
2004997
42514438
37312520
2005000
45774861
4077584
79889
45774864
37312531
44816400
2783251
42514454
4315160
42514457
194586
2734105
44816411
44816412
440351
4020255
4257827
2742309
2775080
42514473
2758697
4020264
3020845
1136687
36411443
2775092
3045434
42514494
42514497
4200514
44816450
4094020
792649
4159562
2775116
19019854
21600337
19101778
4216915
4184149
792662
4307029
4036695
792666
2775133
4298847
2103392
759908
2103396
2725990
3012708
3012712
46233710
19093622
19126393
2742396
759933
4044931
432260
4085893
45766787
4249735
4184200
931973
2766979
432267
40163468
2750600
260245
260246
44816533
40073373
374946
374947
4069540
2775208
2775212
2726060
432302
2742448
19036337
432307
40745139
43055285
43055286
2726071
3045560
1718457
40229054
4077761
440516
4077764
4020420
4020421
2726089
40163530
4159691
40237260
2726093
40761554
2750676
2767061
40229080
2742488
3045592
4151515
4094172
2726112
19028193
44505314
4176099
2742496
440549
42629350
3029219
45766894
2750702
4036846
45766897
194802
2103537
3029231
36203194
45766905
440572
4159742
45766915
40220932
4143365
19077380
40220937
2734348
4307213
1751310
3012887
45766946
40237347
40163620
2783527
194856
40065325
2103597
80175
4004144
4004146
4004151
440635
2103612
4020540
3021117
4233536
3004739
41425224
80201
2726219
2791756
4208972
2726222
2791760
4069713
2775380
2791765
2791764
760152
42629465
4094296
4258139
4094299
4102493
4094300
3037534
194913
19126627
2750819
45775206
45767018
2791787
2750828
2791788
2791790
3012971
2742640
45775217
41425266
2791793
4045167
44808563
46233974
4159863
19044727
4094329
1366391
36788602
4028790
2750844
3012984
4077955
3045768
3004809
45767051
42629515
4340117
137627
2775453
36264350
2759076
432551
194985
2005417
4045227
1718700
1636781
1718701
4037038
4176306
793014
4209080
3045819
195009
40221125
19077574
40221133
2775503
19093968
375258
2742751
2759140
3021288
1309161
44784106
2742763
1300978
3004915
317941
4143606
3021303
40761849
1309182
4028933
4200967
4209159
43186697
44784138
40163849
440849
2005535
45775396
45775399
45775405
72245
42539577
46275130
40221243
43530813
4323902
4201023
41048640
43530819
40163907
1718855
19020361
40221261
752206
40163917
4184656
4151893
4053592
3005018
2767451
40221276
4053597
440930
40221282
4217443
19135077
2751075
19077735
2751080
40237673
2726504
19135083
45775467
4020837
40237678
2792046
40434290
40163961
2751097
2751098
948860
46275196
19036797
19036799
45775487
4020862
19004034
44784260
440965
3037831
4201096
3029640
4266637
4242061
2742927
2751119
3005071
36526739
40163990
46275229
19036832
4102817
4340385
2734753
440998
4094637
40164013
2103981
4127408
37116593
42539698
37018292
2742966
375479
19045048
318137
2734777
432830
4102846
4307652
2726598
19020488
3013332
44784341
441049
4291291
19036892
2767582
41401058
19012323
195300
3013347
2759398
2759399
4020969
2759405
2759406
252655
4086512
40164080
432882
46275313
195317
2726646
40164088
2104061
40237822
375551
1719041
2726659
3005189
4119302
4242182
4160264
2104072
2104074
2104075
4193030
3005190
318222
21601038
2726670
4193039
703250
3013393
40164118
42736407
4324124
19069729
4135715
43531045
72487
3037993
40762162
1137460
72501
2743093
4135735
1112896
46234437
45775686
2734925
46234446
19102552
40491865
40491872
2743138
45775715
2743143
2751340
4094829
1391470
2104173
2751341
4176753
2743149
2743152
1137524
2751346
4021108
43015029
31609
43015035
4119422
2775936
2751364
441223
4094855
2734985
3013516
433037
44071822
4103067
3013531
3038110
80800
375716
4176807
2784169
40041386
2784173
2767790
2775983
3038126
40483761
441267
1326012
1326013
1326014
3013564
46275520
2743232
19028933
4275142
2743238
42482639
40491984
19078097
2767828
433111
19078105
4324315
19012571
21601245
80862
375776
4226022
21601254
21601255
2104296
21601258
4029420
4037613
4029423
44784623
40025074
44497911
44497913
4307962
40074233
2006011
375807
4094976
19020799
72709
4094982
4299783
42966022
42482696
1506315
2006027
2104332
375823
433168
4185105
19135508
4250652
37018655
19037223
2767913
1776684
4340781
4013106
2104373
2104374
433208
2104378
35626043
35626044
2743356
4021310
4340799
2743360
433225
441419
3046478
40090704
2776145
4299862
2735190
3013720
4201565
433246
45775965
760932
4144232
19135593
138346
2784366
19078256
2784379
37395580
2751613
19127422
37117055
4095108
37395590
2751623
4095112
2751624
4037770
4029579
2751628
4152462
4152464
40164497
1703063
2104472
1703065
441500
2743452
36404382
2104480
3005600
2759844
2776233
4144298
2104494
3022000
441523
2768052
43195573
44055734
2776248
4177081
2006203
2104516
4062405
4046023
441545
4078793
4021452
4177104
2751697
2784466
2784469
2104536
4340953
376026
761051
36895963
1334492
44055772
2759897
2784474
2784475
2104537
4218083
2784477
2784478
2751714
2784482
2006242
2784485
4119786
2768103
2784490
36568302
2768113
2735349
2784503
40148216
441594
81149
2784510
46275842
2768132
37018886
4119815
1154312
1326346
3030282
3005707
4062477
1326349
19127567
3005710
4136209
1391889
4029710
21601556
21601557
2104596
4070679
40762648
4136219
2727195
4095264
990499
40762663
19078440
4201774
40074546
45776178
4234548
46275893
73017
36715835
3013947
40058173
2104640
4095302
2743622
37018952
3038536
3005770
441676
36715852
43531599
4218193
4308306
2751826
2751827
81239
4177241
4021601
2743650
40164707
2751843
4210020
19070310
4095329
2792810
2743665
4275570
2776434
3030388
195958
2104695
2751864
3030394
2776444
2727298
4300166
3038601
261514
1326481
4103574
40762779
4013470
2104734
44785056
2104735
4267428
40762788
2735526
4095399
2776487
19103148
2743724
2104752
1146289
40066485
2006453
4267450
2735546
2006458
36715965
433602
1351115
441806
196047
19127762
138708
2784727
4103640
2784728
40492507
2211293
138718
2211295
4103650
46276071
4210151
4292073
2735600
46276083
2211315
4234742
441846
2006520
2760185
2211323
2727421
2760190
36879871
2768384
36535814
4021766
2784781
2752015
4300305
441874
2735634
46276116
433696
4013601
4120097
2752032
43015715
2211364
2735655
2809385
43015722
4120116
46276153
4243005
40173118
376383
4070976
4095553
4013630
2104901
19078728
2768457
376395
433740
2104912
2776660
2752085
2752087
2743899
138844
2752094
40173151
4152928
2743902
2752097
4152932
4152934
4152935
3038822
2752109
433774
2776687
2768496
2104943
2104948
19005046
2514550
2735738
2768508
2752126
36249217
73349
2104965
2752136
2211466
2735756
19095181
2776716
2514572
2211471
2006674
2784918
2104983
2793113
2760345
4005535
319138
2211496
2784943
1711792
2760368
40238770
2760370
3030703
2752181
2760374
4103860
4161208
40238779
2743996
40484541
4275902
2776767
2211520
4038336
2752195
2776772
2105030
4300489
40230601
2006734
19136207
2760400
4308690
2768595
2768597
4218581
2105047
2768599
2735832
2768602
4234973
2768606
46276319
2006752
2211552
81634
433891
2006754
1703653
2768616
2211562
2768620
1531630
2768623
1531633
21602034
3014389
19103480
40763130
4071164
433917
44818173
433919
21602045
433921
21602049
40165123
2735879
44818188
2006797
2760461
2211601
2211606
2211607
991003
4161309
2735902
4054815
1531681
40173346
2211617
2752291
19078956
3006257
442162
73526
433975
40230712
2752314
4087611
4022076
46276413
2744124
2106883
2752320
37207874
2211651
4046660
46276425
4054859
434002
4104018
2752341
4038489
434010
44818265
2211673
2744157
4235099
37207903
3047267
2744164
2105191
2760554
35200878
2752366
2752368
2776951
19062648
376698
3014524
44785533
37207934
44785535
2760574
2776958
4161415
73609
40230793
442252
36249486
4202383
4341657
4005786
3047321
4095902
2211746
3022755
2006955
4292525
4218798
3047341
37207984
3039158
3022775
36888504
35200953
4022202
40165306
41017278
35200958
36888512
4177862
37208015
19079120
4005840
376793
2105307
40165340
37208031
4194271
36249569
4087778
1105889
3014635
2785261
40493039
2768880
3006447
19079154
19079155
40771571
2768886
3006457